77.7
78
78.2
78.1
78.2
78.2
78.3
78.2
78.2
78.1
77.8
78.5
78.5
79
79
78.8
78.6
78.9
79
79
79
79
78.8
79.4
79.4
79.6
79.9
80.1
80.3
80.3
80.4
80.5
80.3
80.4
80.3
81.2
80.6
80.9
81.3
81
81.2
81.3
81.7
81.8
81.9
81.9
81.7
82.3
82
82.4
82.4
82.7
82.7
82.9
83.2
83
82.7
82.8
82.8
83.5
83.5
83.8
84
84.4
84.4
84.5
84.9
84.8
84.9
85.1
85.6
86.1
85.8
86.2
86.6
86.4
86.9
87.2
87.7
87.4
87.4
87.2
86.8
87
86.6
87.1
87
87
87
87.3
87.3
87.5
87.1
87.2
87.1
87.8
87.3
87.6
88.1
88.1
88.1
88.1
88.2
88.3
88.2
88.3
88.4
89
88.7
89.3
89.8
89.8
89.8
89.9
90.1
90.2
90.3
90.4
90.5
90.7
90.6
91.2
91.7
91.6
91.5
91.4
91.7
92.1
92.2
92.2
92.2
92.5
92.1
92.6
93
92.6
93
93.1
93.5
93.5
93.5
93.3
93.5
93.9
93.3
93.8
94
93.9
93.8
94
94.3
94.3
94.3
94.1
94.1
94
93.1
93.8
94.3
94.7
94.9
94.9
95.1
95
94.9
94.9
94.3
94.3
93.6
93.9
94.5
94.6
95.1
95.2
95.5
95.4
95.5
95.6
95
95.6
95.1
95.6
95.8
96.2
96.2
96.5
96.9
97
97
96.9
96.5
96.9
96.4
96.7
97.2
97.5
98.2
98.3
98.7
98.8
99
99.1
98.5
98.5
97.7
98.1
98.5
99.4
99.6
99.9
100.3
100.2
100.2
100.2
99.5
100
